1101111101101101001110001000001101011101101101111100111000001100111101111101111101011000001100101100101101111100011010
1100111100101101011101111000001110001100101101001101111000001100111100111101011101001000001100101100101101101101101010
1100101101111100101100101000001100001100001100001100011000001101001100001100011100011000001101101101101101011100101010
1100001101101101101100011000001100111100001101101100111000001100111101111101001100101000001100111100011101011100001010
1100001101001100111100101000001100011101101100001110001000001100011101001101101100101000001101001101111101001100101010
1101011110001100101101111000001100101100001100101101111000001110001101111110001101011000001101111100111100001100111010
1101011101111101111101001000001110001101011100101110001000001100101100001110001101111000001100011100011100011101111010
1110001100011101001100001000001100011100101100011100001000001101101100111101011100101000001100101110001101001101011010
1101011101111101101101001000001100011100011100111100111000001101111100111100001100011000001101111100011100001100001010
1101101101001101011101101000001100011101111100111101111000001101001100011100101101101000001101101101111100101101101010
1100011100101100101110001000001110001101101100111100011000001101111100111110001100101000001100001100001100001100001010
1101111100001101011100011000001100001100011101101100001000001101011100111101111101001000001100111100011101101101101010
1100001101101100011110001000001100111101011110001101111000001100011101101100111100001000001101101100111101111101101010
1100011101011101001101011000001101011101001101011101001000001101111101001101001101001000001101011101101100111101101010
1101101101111100111101011000001100111100011100011101101000001100111100101100001100101000001101101110001100111101001010
1101111100101110001101111000001101011100001100011100011000001100011101011101001101111000001110001101001100011100111010
1101111100001100111100111000001100101101101100001101111000001100111100111100101110001000001101001100101100001100001010
1100101101011101101110001000001101011100101101001101001000001100011110001101111101001000001101011100001100101101001010
1100011101101110001101001000001100101100101101011100111000001101111101011101111100001000001101111100011100011110001010
1100001101101101111100101000001100101101011101111101101000001100001101011101111101011000001101101101101100111100011010
1101101100111100111100101000001110001100111101011100111000001110001101111110001101111000001100011100111101001100001010
1100011110001100011100111000001100111100111101101100011000001100011100011101111101011000001101001100101100011100011010
1100101101001101111101111000001101101101001101011100001000001110001110001101001100001000001100101100111101101110001010
1101011101011100011100101000001100111101011100001101011000001100101101011101101100111000001100011100111100101101101010
1100111100001110001100111000001101111110001110001100101000001100001101101100101100011000001100001100001100101101011010
1101001101011100101100011000001101011100011101001110001000001110001100001101001101011000001100001100111100111101001010
1101111101011101101100111000001100111101101101011101001000001110001101111100011100111000001101011101111110001101111010
1110001100111100101101001000001100101101101101101101001000001100001101001101111101101000001101011101011101101100011010
1100001101011101101101011000001100101101011100001101001000001101111100011101101110001000001100111101011100011100001010
1101011100011100001101111000001101011101011100001101111000001100011101111101101101111000001100001101111100111110001010
1100101101001101101100101000001100011110001100101100011000001100101101001101001110001000001100011101001101001100111010
1100101101111110001110001000001100001101101100111110001000001101101110001101101100011000001101101101011101011101001010
1101011110001101011100011000001101011110001101111100111000001101011101001101111101001000001100001101011101001101111010
1100001101101101111100001000001100011100001100001101001000001101001100001100011100111000001100101101101101011101011010
1101011110001101111101001000001101011101011100001101101000001100111100001101001110001000001100001110001100001101101010
1100101110001100001101011000001101011101001100001100011000001110001101001101101100101000001100011100101101101100001010
1101011100001110001100111000001110001101001100001101101000001101101100111100011100001000001100011110001101101100101010
1100011100001101111101101000001100011101001101001101011000001100111100001100011100111000001100101100101101101101101010
1110001101001101001100001000001101001110001100001101001000001101001110001101001101001000001101011100101101111101111010
1101001101111101011110001000001101101100011101001100011000001100001101101110001101101000001100011100111110001101111010
1101111101011110001101101000001100001101101101111101011000001100001100111100011101011000001100101101011101101110001010
1100101101011101001101001000001100011100101101011110001000001101111101001100111100101000001101011100011101101101011010
1100111101001101111101001000001101011100001100101100111000001101001101001100111101001000001101011101101100101101101010
1100011101001100011100001000001100001100101101111100001000001100001101001100111101001000001101011100001110001101101010
1101111100111100011101011000001101001101001101001101101000001100011100011100001101001000001101001100101100011101011010
1100001100101100101101001000001101111101111101001100101000001110001100111100001100001000001100001100101101101101101010
1100001100011101111100001000001100101101111100001100001000001100111100011101001101011000001100001101101101001100001010
1100101100001100001101101000001100101101001100111101111000001110001100001101011101001000001100011101101100001100001010
1110001100011101001100101000001101001100001101011101011000001100011101111101111101101000001100001100001100101101101010
1100111100001100101101101000001101111100111110001100001000001100011100101101001100011000001100011100001110001101001010
1010
