8.917650947907466152e-01
6.641079102339911833e-01
4.349338252477081834e-01
5.615054029099367794e-01
4.113490216384254605e-01
3.476375368158249879e-01
3.673302306774445247e-01
3.754540444089196072e-01
4.325363209196561032e-01
1.174251649418154297e-01
4.166422801346755245e-01
9.472911427493287961e-01
8.662814239933552818e-01
7.567242297145185814e-01
3.740461692585985709e-01
3.027833406334416999e-01
8.848054142328323213e-01
5.018650420020434044e-01
9.291915466622718833e-01
2.733494935662206249e-02
8.630365371794529450e-01
6.395024842321639369e-01
9.575571669212796788e-01
6.455086747252751778e-01
1.723242747795371566e-01
4.942951130693831185e-01
3.439313364852150112e-01
4.321553140564027284e-01
6.017072582434829231e-01
4.453136484947538554e-01
6.114557202133212854e-01
6.346957819875954643e-01
8.227306488977077503e-01
4.951588123021677390e-02
2.718904467350009568e-01
3.491252340709001256e-01
5.835243515257815261e-02
1.715757115598379734e-01
3.911462599006869656e-01
8.837706238836160466e-01
9.000592771428205241e-01
8.316395505713713998e-01
9.862398924600290773e-01
9.374837388609805755e-01
3.040636611521541077e-02
6.274945174773119971e-01
2.508350466342792462e-01
4.877578136222672223e-01
2.189880655183540359e-01
9.049179322598319697e-01
